8729907
263153015
1040974
245124108
251307817
252461144
246017121
14642384
237353268
263835243
264490542
264305746
258832362
3254638
260063224
264832783
222124957
52011136
47019063
49587276
49215220
237099284
34610627
9089503
262460726
261822277
12974426
252683270
252762171
252992688
256461177
1509090
226283737
251196750
29142510
53593090
265068198
250390939
252624550
252624677
252200083
251719280
252571112
252819333
232320384
10427913
20499557
3011904
2930536
9840922
229376920
237371890
21715311
21693867
258378266
258378191
246863418
254877753
254854317
258866124
259108815
264426545
264451714
249204437
256461385
245616858
252763311
32461868
2395785
43985051
12719479
8132278
16946379
216552915
218487374
218971825
253447259
221970053
237941087
11591301
231839511
265158335
5738018
10690796
260899983
16778035
252624414
2044324
258887719
258740687
258557362
254877175
237532535
254564474
261100760
41310809
233476148
16442276
225062337
256231532
237421091
233219920
243865366
231709697
222133962
219177284
227230405
7384097
10205309
239015827
247627890
248426721
235422524
253736389
251402499
256662721
258426970
132053537
53296658
252819431
252818977
210936331
14225710
241583418
250390996
245144787
173188095
202634572
208541377
219946512
5888627
51623319
15084403
5853439
215238860
56657817
49564714
250390963
9088773
44130961
254854669
232320269
264439179
232075945
254043519
259833865
3176028
234093015
235790370
236460206
236460241
11250379
264833196
265607947
