257220323
234383502
4451760
86863020
234370386
18027917
55846037
260681268
51605426
30058750
235239912
257766793
247794106
20184184
53749112
208268127
240072415
263830775
244328189
218799814
237341074
30572579
149117098
233459036
256739534
34718712
56234151
69656217
225040516
265116917
225363973
2398835
186206569
262048845
3266540
261413770
255254256
58789753
25670768
249434084
56072782
237913618
229535897
157976762
261603584
232895648
240067655
264460025
264286224
52883988
199019437
135382379
225363958
3744088
265928847
1928008
255024417
44232227
70047915
261005391
244291018
214198082
52882755
62201018
265358900
248424867
7924496
65579391
216074550
235679897
266190509
265028394
265607982
28487730
822236
238672521
43996751
44137747
10281344
3083025
617887
262044926
235563634
256871089
265696545
61405409
53567611
234205981
219675311
238821472
252230782
61287544
264943095
21418
244920461
3968122
473793
234833736
60631719
262021782
234314375
52239867
67803410
225200350
253598601
210839434
220714281
54519119
4947258
41907762
58906864
62585398
229318109
53287311
11108095
16246695
259376518
265249799
243815441
11256264
234864496
56095465
5034390
61001952
24998179
4055306
1687471
875676
208211463
239485947
15880829
262163577
168753828
218955988
55429034
3678588
234315746
252993007
234303055
15469767
225223936
16023210
125278095
195516596
236298796
236380453
3578825
250627000
261582519
189762178
233363811
253080703
209324068
202561030
232417802
246452610
14523345
31141814
198912172
3406166
260671013
228187823
264468975
133233222
148570088
224705448
3566519
16829929
181562553
203978531
236363237
238200833
7470107
219057069
2928565
238924506
256915899
4635292
31280505
16230919
259548295
18644714
48359428
15553087
226237487
146086943
52278595
221700653
41559599
237260001
236950954
216621194
236377887
62901523
237251889
235458184
142741000
221903199
261539442
226853942
221237778
67867442
237642905
237532483
7062181
3743666
209408596
208202112
236516333
46937427
49391103
7153854
49312150
243848141
227176511
264297407
3535147
233481730
65219850
225156886
8822245
4302960
37424351
221980595
55315486
21657275
6364587
226246346
253523047
233652955
55620284
437245
3730832
221678583
233855293
226419872
221117393
12390412
56481710
36995051
236425030
46955860
228867643
158169535
219439674
255709183
232116743
55399781
233609342
189148298
86679729
2220294
237777276
248173948
6151382
251654604
232065860
212430482
234372937
202098672
4389172
54198441
119450836
211105412
3376811
247463855
235814699
255988694
202887087
218782998
245298568
251108432
245329770
261166534
116385331
4452963
221516629
4597924
62497408
62542730
233644973
233864858
198452299
57998150
231709807
10137425
257386000
76667957
246694199
213660781
199076666
218927747
850415
244812316
233433541
214284449
251889063
219179714
244916775
202676686
52055152
218504002
5708639
325672
234564606
125250134
219441455
112487687
56147643
61066716
49389393
197935335
231731750
232382088
249097409
188270035
254655778
244786380
212657759
204781336
70145598
259753050
257346609
59038007
189762507
235585619
243886770
234574306
259615688
249626188
234796057
64733969
233441625
238259445
5546112
235442463
249674534
221360613
213932272
228975934
231649179
233621738
229542617
52043082
201070768
233643854
67856002
237706261
17578336
237694325
164787957
17591648
225390186
238904884
233713198
256802997
243811672
198532158
16010181
219053780
259593497
235915901
212633493
229439476
253678599
214224742
245837979
229431824
234773630
245113415
256602521
225685367
3968293
247922834
213046150
211548599
257355121
237761764
259777268
215941295
203639604
259572488
236226442
248530069
257767458
216210358
231951458
220836721
225135261
233963617
230567578
195316636
235245899
239185124
236759273
229018344
253112363
256900869
214421056
209202519
250072803
252724722
259089180
7849196
259316528
209518913
210902182
249538154
233864821
256615204
220403353
222820671
228969851
235436700
254096119
254707896
249290363
259596782
40204170
235850745
252239868
211066631
254113548
221507674
201241446
16050394
235441178
53049566
246863533
49336960
73729189
229541102
196048926
248851666
256569436
228879120
247597155
239230198
53558350
236950952
247983782
70056454
64241386
259609597
247596914
234067245
246240861
232384298
236555375
220961685
233711811
17717511
233852343
238022509
254438398
244504689
239014377
2295142
218947631
86692849
55363340
255902114
86392127
219889427
228949999
255547504
55934048
251754438
152034443
259155651
64685713
235190060
15702501
248129347
232417727
243785565
234849034
208309878
248299908
237266468
235351899
234092235
233639608
55422957
225210630
227053929
8589534
245834997
257328059
237830216
252558821
259252458
221491328
248263194
51522244
222421395
236294705
153649520
244714223
230596690
258546177
12422399
253761455
125648105
260859044
241583583
256320630
247711911
259762416
243969478
232352540
201059009
225868419
67458118
10629713
214351621
258931224
237849968
227015687
259428832
235826036
256243835
5664472
253038400
201890775
13922872
253499424
34267140
235570323
226324738
202777977
86551835
42497499
86714171
116241515
56301027
126213884
18636843
89611043
247939494
249642175
13493163
59523928
55984211
164449799
33696521
235487125
218518023
252658598
55718075
242078214
220496640
4568701
257884080
24737351
246017110
233960099
53985870
248496663
208106060
590259
259308901
139850282
213181757
247984643
53526524
52258979
232314085
65012249
40937756
49428358
126283811
3101361
16050825
214798661
78738438
69224705
34286991
140014991
3685601
252527903
3835114
9229236
59407515
234068139
21746691
234173516
255044078
14736678
52068701
258846812
123669687
63892404
237818779
215407949
73560455
229051569
117193232
20407754
127247827
61575579
257146710
52115954
233231695
245103224
55602941
249593104
5776759
46146607
251178286
32631031
253764020
55781618
225856735
12970117
255834487
239636412
255314963
247687025
61192667
34657644
14318849
51619636
54991767
248971567
240864028
256690138
21748353
218081822
212936989
26731262
106414756
227167990
196007574
230997642
224881288
238827459
218988656
53761338
237840325
258085554
252929693
51873829
26131992
31880272
225403700
199118515
13676851
232313859
13531224
39252948
248388227
17523051
255948967
33413610
251076876
37080419
251951184
209101670
19094542
4646590
256478111
28134753
240004517
237513656
57666310
54200759
261011472
55488609
240157389
119102735
247788304
64821058
53250478
246575120
3927212
256897969
236393488
826766
226254694
59523784
36084103
233213357
69840714
53417677
229374792
